1
lnt=604
[0] 54.9828 , 82.9131 178
[1] 54.9812 , 82.9129 93
[2] 54.9804 , 82.9127 94
[3] 54.9795 , 82.9125 84
[4] 54.9788 , 82.9121 50
[5] 54.9784 , 82.9117 30
[6] 54.9782 , 82.9115 29
[7] 54.9780 , 82.9112 46
[8] 54.9777 , 82.9106

2
lnt=470
[0] 54.9777 , 82.9106 176
[1] 54.9765 , 82.9087 7
[2] 54.9765 , 82.9086 4
[3] 54.9765 , 82.9085 5
[4] 54.9765 , 82.9085 4
[5] 54.9765 , 82.9084 14
[6] 54.9766 , 82.9082 82
[7] 54.9771 , 82.9073 178
[8] 54.9782 , 82.9053

3
lnt=687
[0] 54.9782 , 82.9053 406
[1] 54.9807 , 82.9007 11
[2] 54.9808 , 82.9005 16
[3] 54.9809 , 82.9004 12
[4] 54.9810 , 82.9002 242
[5] 54.9825 , 82.8975